0.000000000000000000e+00 -8.777650589782626245e-02
2.887193843047580755e-02 -1.862985161546770740e-01
5.774387686095161509e-02 -2.132196250433030515e-01
8.661581529142742264e-02 -1.474596947129700464e-01
1.154877537219032302e-01 -1.423194041453015035e-01
1.443596921523790377e-01 -2.555392821092045130e-01
1.732316305828548453e-01 -3.376201041863320929e-01
2.021035690133306528e-01 -2.929969847218420465e-01
2.309755074438064604e-01 -2.600189835437871633e-01
2.598474458742822679e-01 -3.739059708054108810e-01
2.887193843047580755e-01 -5.195431333065726465e-01
3.175913227352338830e-01 -5.294745091134331894e-01
3.464632611657096906e-01 -4.948653165428223977e-01
3.753351995961854981e-01 -6.204891502672579273e-01
4.042071380266613057e-01 -8.540983405865865130e-01
4.330790764571371132e-01 -9.634371334129123721e-01
4.619510148876129207e-01 -9.590351947550810330e-01
4.908229533180887283e-01 -1.096608004167567874e+00
5.196948917485645358e-01 -1.407953885629228630e+00
5.485668301790402879e-01 -1.605008640414777643e+00
5.774387686095161509e-01 -1.547730115282893948e+00
6.063107070399920140e-01 -1.256926752633254152e+00
6.351826454704677660e-01 -3.684636960960814556e-02
6.640545839009435181e-01 3.900343505838202773e+00
6.929265223314193811e-01 1.200894382313095754e+01
7.217984607618952442e-01 2.345061025667784804e+01
7.506703991923709962e-01 3.519174121520436671e+01
7.795423376228467482e-01 4.435596800733339506e+01
8.084142760533226113e-01 5.005095772237294938e+01
8.372862144837984744e-01 5.271193203214033929e+01
8.661581529142742264e-01 5.247983696012960309e+01
8.950300913447499784e-01 4.912571274731382687e+01
9.239020297752258415e-01 4.327995879925156686e+01
9.527739682057017045e-01 3.668426561465570757e+01
9.816459066361774566e-01 3.092440677172359287e+01
1.010517845066653209e+00 2.657335238114328391e+01
1.039389783497129072e+00 2.384113353552715253e+01
1.068261721927604935e+00 2.322016661877429655e+01
1.097133660358080576e+00 2.467260973245435451e+01
1.126005598788556439e+00 2.659427967909748602e+01
1.154877537219032302e+00 2.661849511208991714e+01
1.183749475649508165e+00 2.371610204028069901e+01
1.212621414079984028e+00 1.899374132550569527e+01
1.241493352510459669e+00 1.429649720871005592e+01
1.270365290940935532e+00 1.057649194904079515e+01
1.299237229371411395e+00 7.828345492951043205e+00
1.328109167801887036e+00 5.911849384556501441e+00
1.356981106232362899e+00 4.753846745960939479e+00
1.385853044662838762e+00 4.033820603625850154e+00
1.414724983093314625e+00 3.390634343522719085e+00
1.443596921523790488e+00 2.978909387411174503e+00
1.472468859954266129e+00 3.275984374149986778e+00
1.501340798384741992e+00 4.210884071652646554e+00
1.530212736815217855e+00 4.965401297162626015e+00
1.559084675245693496e+00 4.878845066681097187e+00
1.587956613676169360e+00 4.177457608912814813e+00
1.616828552106645223e+00 3.530615610846639107e+00
1.645700490537121086e+00 3.216432945287902800e+00
1.674572428967596949e+00 3.081508194357649000e+00
1.703444367398072590e+00 3.037772200610223905e+00
1.732316305828548453e+00 3.090681987846672030e+00
1.761188244259024316e+00 2.972395667582766965e+00
1.790060182689499957e+00 2.294221386941417862e+00
1.818932121119975820e+00 1.186810757843578035e+00
1.847804059550451683e+00 3.444178770678288926e-01
1.876675997980927546e+00 1.966897658279415373e-01
1.905547936411403409e+00 3.705944036809986075e-01
1.934419874841879050e+00 2.503968814776196261e-01
1.963291813272354913e+00 -2.177801171432119653e-01
1.992163751702830776e+00 -6.413621500470776393e-01
2.021035690133306417e+00 -8.873382403660078355e-01
2.049907628563782502e+00 -1.200299488341914467e+00
2.078779566994258143e+00 -1.639749318005335743e+00
2.107651505424733784e+00 -1.870150213704050657e+00
2.136523443855209869e+00 -1.673041068121187136e+00
2.165395382285685510e+00 -1.305735302311572088e+00
2.194267320716161151e+00 -1.100974787309992209e+00
2.223139259146637237e+00 -9.742342514182953384e-01
2.252011197577112878e+00 -6.346993322752341182e-01
2.280883136007588963e+00 -1.163640380317153417e-01
2.309755074438064604e+00 2.527983844098858901e-01
2.338627012868540245e+00 3.671509438422536631e-01
2.367498951299016330e+00 4.904038102566777857e-01
2.396370889729491971e+00 8.232770472597696898e-01
2.425242828159968056e+00 1.212259593627033949e+00
2.454114766590443697e+00 1.428951027562962217e+00
2.482986705020919338e+00 1.513861697771737402e+00
2.511858643451395423e+00 1.647083001439801464e+00
2.540730581881871064e+00 1.825237771384090157e+00
2.569602520312346705e+00 1.887091788059951813e+00
2.598474458742822790e+00 1.792016590338513238e+00
2.627346397173298431e+00 1.662000331991045243e+00
2.656218335603774072e+00 1.555029196438334926e+00
2.685090274034250157e+00 1.387166031756429385e+00
2.713962212464725798e+00 1.119640402408969004e+00
2.742834150895201883e+00 8.628353665430893438e-01
2.771706089325677524e+00 7.174394453973469421e-01
2.800578027756153165e+00 6.290378611662080788e-01
2.829449966186629251e+00 4.854407757332444007e-01
2.858321904617104892e+00 2.696903611734476347e-01
2.887193843047580977e+00 2.964807136433422405e-02
2.916065781478056618e+00 -2.284403677644395447e-01
2.944937719908532259e+00 -5.120849781396159539e-01
2.973809658339008344e+00 -7.552021694611591451e-01
3.002681596769483985e+00 -8.671741168762169272e-01
3.031553535199959626e+00 -8.569406754875634746e-01
3.060425473630435711e+00 -8.192677713702715137e-01
3.089297412060911352e+00 -8.031641942528662259e-01
3.118169350491386993e+00 -7.783496636331375118e-01
3.147041288921863078e+00 -7.304780458364288354e-01
3.175913227352338719e+00 -6.940467729870524183e-01
3.204785165782814804e+00 -6.680189197883120711e-01
3.233657104213290445e+00 -5.895450696617298147e-01
3.262529042643766086e+00 -4.372846695787127036e-01
3.291400981074242171e+00 -2.863879296810944997e-01
3.320272919504717812e+00 -2.044970604696533800e-01
3.349144857935193897e+00 -1.556386538534957897e-01
3.378016796365669538e+00 -7.236030207934095182e-02
3.406888734796145179e+00 3.119513938281855484e-02
3.435760673226621265e+00 9.770353005921696143e-02
3.464632611657096906e+00 1.383409311592994351e-01
3.493504550087572547e+00 2.124510012948543358e-01
3.522376488518048632e+00 3.098323051328460975e-01
3.551248426948524273e+00 3.494989163271970956e-01
3.580120365378999914e+00 3.068366773199952546e-01
3.608992303809475999e+00 2.529797285546590002e-01
3.637864242239951640e+00 2.393294333117018391e-01
3.666736180670427725e+00 2.257156414155573332e-01
3.695608119100903366e+00 1.683508092985758764e-01
3.724480057531379007e+00 1.029943734146468587e-01
3.753351995961855092e+00 7.516303280227351613e-02
3.782223934392330733e+00 4.848090542701429667e-02
3.811095872822806818e+00 -3.540106310870234224e-02
3.839967811253282459e+00 -1.441850193071923525e-01
3.868839749683758100e+00 -1.915490264730346781e-01
3.897711688114234185e+00 -1.696898787899472627e-01
3.926583626544709826e+00 -1.555623434590746590e-01
3.955455564975185467e+00 -1.840523026060647271e-01
3.984327503405661552e+00 -2.061218416726650626e-01
4.013199441836137638e+00 -1.935174693230645449e-01
4.042071380266612834e+00 -1.934765073922557754e-01
4.070943318697088920e+00 -2.327565178579772687e-01
4.099815257127565005e+00 -2.476729847061675538e-01
4.128687195558040202e+00 -1.788396994183659716e-01
4.157559133988516287e+00 -7.567784557021570158e-02
4.186431072418992372e+00 -2.572025916094167891e-02
4.215303010849467569e+00 -2.152155752533085539e-02
4.244174949279943654e+00 1.190174172562753589e-02
4.273046887710419739e+00 8.098785411230924325e-02
4.301918826140894936e+00 1.164256361646565374e-01
4.330790764571371021e+00 1.046103483578449955e-01
4.359662703001847106e+00 1.218271281117872945e-01
4.388534641432322303e+00 2.029191869622090083e-01
4.417406579862798388e+00 2.697179685218428213e-01
4.446278518293274473e+00 2.504371678387783962e-01
4.475150456723750558e+00 1.941948850835846507e-01
4.504022395154225755e+00 1.881194759156075980e-01
4.532894333584701840e+00 2.173802083315652944e-01
4.561766272015177925e+00 2.023316030894685424e-01
4.590638210445653122e+00 1.422796306141725364e-01
4.619510148876129207e+00 1.158238509790164711e-01
4.648382087306605293e+00 1.391048541281132145e-01
4.677254025737080489e+00 1.302646223637628220e-01
4.706125964167556575e+00 4.614035933138854739e-02
